0.562533018038856;
0.3947853025884504;
-0.43008237741172695;
-0.9032352120206416;
0.613291524737633;
0.5610617023363462;
-0.5794622592878889;
-0.13453086556377145;
0.8072939424008351;
0.2699881090344712;
0.509381997097893;
0.5291810851517558;
-0.5403153656208518;
0.41036678931041;
0.36991528467724705;
-0.21634200345070342;
-0.1793795306413713;
-0.5868048889988533;
-0.4099732060970615;
-0.40659333123603114;
-0.49700721382042434;
0.5799993424435175;
-0.6644004244682965;
0.28158056473123855;
0.10670122662361088;
-0.9323239847691637;
-0.20558987324697278;
-0.4113698270878657;
-0.6993690353603906;
0.7535759706129518;
0.2704315151855525;
0.7079800768567831;
-0.9320137960723843;
0.5670796754214802;
-0.3196381529261651;
-0.4808438551003978;
0.25597324089756796;
-0.9753227965042586;
-0.47309548310603794;
0.1844523577877297;
-0.3289809144798717;
-0.5689358396225849;
-0.42660030486103584;
0.9277887133848762;
-0.6751380023940664;
0.6181968524262352;
0.31137600031449075;
-0.6099081275578238;
0.8023649027870138;
0.3414023329686545;
-0.7998420652221593;
-0.5136364592887259;
0.44279190519202305;
-0.6691238014059132;
0.7252766922109586;
0.14355916005632063;
0.5192212389723367;
1.0083989802124074;
0.7023668605496265;
0.03607886040922292;
-0.08159896374241561;
-0.1262218112317784;
-0.44483535268890045;
0.2767528155526298;
